5 0.71171875 0.25234375 0.06015625 0.09609375
5 0.61953125 0.253125 0.0625 0.0953125
5 0.43359375 0.253125 0.06640625 0.0984375
5 0.33359375 0.2515625 0.06953125 0.10078125
5 0.22578125 0.25 0.0703125 0.1015625
0 0.26328125 0.29765625 0.02578125 0.02421875
0 0.36953125 0.296875 0.02421875 0.02265625
0 0.46484375 0.29765625 0.02421875 0.02265625
0 0.5578125 0.296875 0.02578125 0.02421875
0 0.6515625 0.29453125 0.02109375 0.02109375
0 0.74375 0.296875 0.02578125 0.02421875
5 0.5265625 0.2484375 0.071875 0.1015625